4 2 1000
5.120522644	-0.638420825	-3.820930252	-0.144067381	0	1
3.23079396	0.770981726	-3.203075335	-6.694684992	1	0
2.603880245	7.787096113	-2.443214829	-8.54938665	1	0
3.522671668	5.505416464	-3.177760709	-10.15684561	1	0
1.16641656	1.186315643	-3.259923027	-7.140452816	0	1
3.270186689	5.615035087	-3.64974653	-17.65653637	1	0
2.010747849	2.186747854	-0.058150138	-8.610862178	1	0
2.432998905	3.234358749	-2.222498313	-9.540260583	1	0
3.403452906	4.520820663	-2.97079955	-12.10135206	1	0
3.274125428	6.551981817	-3.46972208	-11.26048453	1	0
-0.322055653	2.375693086	-2.447971276	-5.362230419	0	1
1.276434143	5.256248466	-4.463463917	-5.891154114	1	0
2.682034801	3.666528394	-2.929536705	-6.87891264	1	0
1.878608839	6.014680004	-4.292448161	-5.805700919	1	0
1.904066916	5.661713239	-2.752754998	-11.31627704	1	0
2.511147315	2.354321405	-4.519827861	-7.71935653	1	0
2.584873275	6.816946927	-0.848262498	-5.141397718	1	0
-0.675228163	3.022580258	-2.753841374	-10.11046983	1	0
2.897285734	6.352365801	-3.955201728	-9.262211998	1	0
2.612134049	3.932930308	-3.870074643	-12.50534953	1	0
1.55716823	7.144350074	-3.093937357	-7.580552707	0	1
0.18540483	4.922386591	-4.365403269	-8.995162415	1	0
-1.989505412	4.558825817	-3.169081247	-12.70155573	0	1
1.479283692	3.251291969	-2.676369188	-7.356535692	1	0
2.479693333	6.723628258	-2.076149838	-8.961726426	0	1
1.092096428	5.945360709	-3.482164724	-9.907504293	1	0
1.634909991	0.737937016	-3.019722778	-6.998519247	0	1
3.520009857	1.171448976	-4.272053876	-7.550811991	1	0
-0.584832611	3.474191469	-2.233247727	-7.465623677	1	0
2.013554288	-1.755273388	-5.831929728	-9.780096707	0	1
1.949324122	0.146847233	-2.850640174	-12.39700645	1	0
3.731185721	7.09653749	-3.036065592	-2.786240844	0	1
-3.941550706	4.138241532	-1.179010726	-6.211712176	0	1
0.541726975	2.920164838	-2.883763746	-8.055173183	1	0
0.711814804	6.547880607	-2.350395479	-6.788925333	1	0
-1.099401503	10.10485412	-3.979529971	-13.6904023	0	1
1.223379217	4.728845448	-3.649203805	-17.50493069	1	0
-0.197337425	2.799241198	-4.316809992	-8.814804906	1	0
-2.037808768	3.961792767	-3.809598694	-4.294487982	0	1
1.412274931	5.271593133	-3.223765923	-12.53179305	1	0
-2.141568804	2.026332118	-2.689014308	-8.455523621	0	1
2.179257653	7.178899353	-1.493694535	-12.75132862	1	0
0.382158865	2.211301805	-1.761435669	-6.184933322	0	1
0.850294425	5.985078227	-2.837093766	-16.62002286	1	0
1.202083091	6.233184263	-3.922476428	-8.356265139	1	0
0.847373177	1.669161159	-4.094111643	-5.408727295	0	1
-1.605803974	-2.558034252	-4.79431662	-7.951820232	0	1
1.562527445	4.471250099	-2.560044916	-9.815399269	1	0
-0.523177776	6.04985437	-1.296192148	-8.640382492	0	1
2.123956176	4.717200079	-0.909280889	-11.41850575	1	0
2.274142076	8.317328737	-2.743988217	-7.982183665	1	0
1.634713418	5.851577312	-4.013106264	-16.12661773	0	1
2.04903881	7.322622695	-1.860728134	-8.751412581	1	0
2.944516237	4.605252017	-2.954500143	-4.805799185	1	0
3.354133144	4.667203486	-3.13347555	-4.654796496	0	1
1.633543526	3.937497666	-5.122143793	-12.9486224	0	1
0.910792678	1.437790856	-4.990369235	-12.55178475	0	1
2.750407872	6.328571893	-2.892930242	-8.835188364	1	0
-3.930453254	2.795860476	-0.441295358	-7.982383312	0	1
2.012795315	6.339131893	-1.782034988	-8.395293582	1	0
0.773159882	5.569153184	-1.518695502	-11.63401082	1	0
2.59849803	3.903690037	-1.699744658	-6.315406012	1	0
1.560893929	6.253441802	-2.025881922	-5.818512534	1	0
1.679467573	9.045322611	-4.358855167	-8.251513529	1	0
3.711215304	2.238043956	-3.082557721	-6.860219884	1	0
4.014700858	4.305660357	-3.757106822	-18.03120932	1	0
2.387263828	2.107229186	-3.162883633	-14.28902676	0	1
1.670636702	3.333408699	-3.380575857	-2.099315618	1	0
-0.51631197	2.447346696	-3.429699115	-2.477570277	0	1
3.115123428	5.314886429	-2.861640119	-8.993597402	0	1
4.310085274	3.674293497	-2.926652322	-13.72960399	0	1
1.781785747	2.352563199	-3.483540819	-3.965824523	0	1
-2.89042048	3.255909218	-1.431359923	-14.40827719	0	1
1.673804483	4.872674791	-2.082362517	-10.24743432	1	0
0.903353874	5.320071719	-2.098970615	-14.73008235	1	0
2.382188445	2.803498391	-3.192496416	-5.441522392	1	0
2.883898195	5.451649072	-3.68407136	-8.632811681	1	0
-2.97507526	3.855726343	-3.959835456	-7.494811025	0	1
0.86906209	2.995597681	-3.41033283	-12.80316156	0	1
0.805197638	4.850196957	-3.725584481	-14.47661712	1	0
2.164747444	6.678716958	-2.207840455	-11.43716611	1	0
3.401538942	6.964907296	-3.509257813	-7.841328586	1	0
0.932846756	4.844069185	-2.041607612	-12.54543281	0	1
2.398697131	4.636631122	-4.680871703	-9.77135136	1	0
0.893162226	2.149747098	-2.097756	-6.887549959	1	0
1.98138418	8.53705198	-3.259276608	-12.53899786	1	0
3.476570216	8.598666367	-2.251411767	-13.91969819	1	0
2.93107502	5.172239311	-3.288458333	-10.54292208	0	1
2.611782088	2.358270563	-2.995337953	-10.38930867	1	0
0.219669317	1.30912085	-5.668432269	-11.84379304	0	1
-3.817325186	-3.551908476	-2.789974839	-3.262987008	0	1
-4.662246132	3.695240192	-3.351108425	-5.143127349	0	1
-1.523128552	-1.567712435	-5.468559787	-4.597595058	0	1
0.889780548	3.527633174	-4.687581634	-5.546513297	1	0
3.23251517	6.373511729	-2.997217896	-12.00612617	1	0
1.998848524	4.319521569	-4.568962595	-10.24271251	1	0
1.797287154	4.844529217	-3.372492322	-9.770894162	1	0
1.577443968	1.182681305	0.447247099	-4.245192617	0	1
-0.026456256	7.056055911	-2.038701466	-9.171894702	1	0
-0.602255859	2.796115126	-1.445599656	-3.867949552	0	1
2.828633443	1.897714658	-1.695405308	-11.34925526	1	0
1.195054239	8.626795894	-3.052196055	-14.56662761	1	0
2.788829464	3.267426668	-2.660724507	-10.33634138	1	0
2.634152292	5.58155691	-2.605543681	-11.35803478	1	0
2.066072889	8.534977822	-2.61183807	-12.14611877	1	0
2.224281045	2.203325404	-2.272225725	-12.81590979	1	0
0.405242799	1.508754907	-3.932494046	-6.936287057	0	1
3.318926783	3.072668894	-3.649088716	-12.27425573	1	0
1.874717004	2.424126117	-3.479657249	-2.494457943	1	0
0.083481371	4.074689324	-3.645918595	-9.13804329	0	1
-3.044353291	2.423927824	-0.036605846	-11.90756905	0	1
0.55159597	4.303784882	-3.348856869	-10.97651207	1	0
2.033275357	3.623564196	-3.955300946	-12.37532509	1	0
1.887945759	3.621498714	-2.836231439	-11.29623576	1	0
-0.485109448	0.443999029	-1.12066225	-13.25929916	0	1
2.232605587	4.385666365	-2.554753786	-9.532780629	1	0
3.27751068	0.446767285	-3.646314627	-12.59434275	0	1
3.379159047	6.280448935	-2.424053425	-7.868355841	1	0
0.382807397	3.667754651	-1.21942665	-1.86017852	0	1
-1.907713861	-0.504642553	-4.313100071	-3.557598697	0	1
1.068725628	3.484719745	-2.779908643	-14.46655569	1	0
-1.787117324	3.197207882	-0.026622907	-7.91608623	0	1
1.403851319	5.314702539	-3.839999253	-8.374143464	1	0
1.98216892	-1.04263327	-0.831904137	-10.56995661	0	1
1.624289413	5.112298878	-2.398302526	-9.553991592	1	0
0.961161409	2.998081394	-2.673176744	-10.25995786	1	0
0.68913398	2.319678307	-1.108727985	-4.84514606	1	0
2.996352997	1.768371365	-3.238160735	-11.83886821	0	1
1.043214523	0.054689872	-3.932220974	-5.883270523	1	0
2.757211157	3.004292525	-0.853340191	-8.55782518	1	0
2.238452945	5.721652319	-3.422145088	-11.61057027	1	0
2.40986303	2.728402819	-3.607894703	-9.601512163	1	0
0.928653311	5.128264133	-1.669913162	-12.25263832	1	0
-2.419529796	1.3066121	-2.177561523	-18.9441799	0	1
4.090655365	6.673379906	-1.034383865	-9.677401248	1	0
2.326473427	6.890265216	-1.69839931	-11.08924245	1	0
1.654642685	4.031719923	-2.651957304	-11.29010731	1	0
4.071457329	6.099430919	-1.49688414	-8.314106143	1	0
4.46073477	0.038631306	-1.89677491	-13.39823676	0	1
-0.011831389	5.383961598	-2.247279134	-8.921868632	1	0
1.79452588	5.016416254	-3.170168458	-15.02346912	1	0
1.801850608	4.779292109	-1.776612602	-6.138856981	1	0
1.078277967	5.775651982	-3.392002456	-12.46557648	1	0
1.699819037	2.73126768	-1.796953477	-10.09682731	1	0
1.718917725	5.949925211	-3.663830716	-9.621053232	1	0
1.336503877	5.013986115	-3.355462622	-12.23231458	1	0
3.438234964	8.23745582	-1.591395886	-12.60957676	1	0
2.75179749	3.996836233	-2.850890482	-10.08550858	1	0
0.314451127	6.01441008	-3.726277716	-9.529792774	1	0
2.200924665	8.280843318	-2.475875056	-6.843028166	1	0
2.382338658	4.983487461	-4.496505091	-7.627262104	1	0
0.608986166	2.633122855	-2.36847113	-8.997768002	1	0
2.440262379	7.261437637	-3.012392842	-9.970056065	1	0
-1.603034943	-2.941995553	-2.85381519	-5.241678273	0	1
3.470362068	2.372245411	-0.670108839	-7.481189808	1	0
2.342953385	6.044115251	-5.045684752	-13.65765163	1	0
3.681960838	3.665433308	-1.548720085	-5.502571182	1	0
2.299568549	5.305082283	-3.311356983	-10.26620067	1	0
2.142599364	5.090090306	-3.736166493	-9.086249376	1	0
-3.822736175	2.924523933	-2.981772103	-7.936600689	0	1
-0.72168281	5.412016617	-2.809021508	-13.35395514	0	1
1.065587868	7.038574152	-4.897984796	-10.70721728	1	0
1.556831259	2.95408687	-3.390558536	-0.938854019	0	1
2.623152462	7.587920733	-3.664591979	-12.44407991	1	0
2.657685476	4.314450087	-2.991530084	-9.524236507	0	1
2.631166553	6.146798754	-3.356075769	-8.720284279	1	0
2.944080616	5.380982341	-4.273847564	-10.25410756	1	0
-2.894236439	3.708038796	-5.649530153	-7.782085619	0	1
-0.687510266	4.845532221	-5.078625174	-5.954660247	0	1
1.927248029	3.518971131	-1.955581178	-16.16273915	1	0
-0.417607494	1.647763558	-3.568370474	-1.667888601	0	1
2.518793261	6.656052311	-2.73498592	-10.91247478	1	0
-0.899623504	0.856093837	-5.079410624	-12.92128584	1	0
1.857060199	5.103012739	-2.123484597	-10.43221896	1	0
1.955826689	6.310567376	-4.094796688	-4.614372756	1	0
-1.727527546	1.195148874	-1.38930756	-9.454690922	0	1
-0.754870076	1.138906695	-4.120612609	-4.909873072	0	1
1.610400225	1.925839411	-3.246427968	-11.57371372	1	0
1.892061596	3.864704026	-3.29612605	-3.56885521	1	0
1.736428514	8.166537858	-2.481174235	-10.45975641	1	0
1.258476196	7.318338348	-2.8224711	-16.31543078	1	0
-0.315296337	7.109304227	-1.407188391	-14.98784975	0	1
2.143848244	3.712726973	-5.241296784	-1.833355665	0	1
1.962732304	5.799099664	-3.178441388	-7.362179045	1	0
1.937731781	7.167475988	-4.776191927	-9.723368411	1	0
-0.842139581	0.304350355	-2.655589722	-8.856160402	0	1
0.676567822	-0.988950136	-3.616593351	-0.129157447	0	1
1.240759587	7.250100283	-1.942340084	-14.83917385	1	0
1.281863333	3.710414192	-1.918423582	-5.259338274	1	0
2.095589775	7.102075251	-2.323945203	-9.998922587	1	0
0.562500592	2.363565572	-3.61442601	-8.921121316	0	1
2.247315959	0.401895528	-4.306808947	-8.200155846	0	1
1.373401709	4.850367046	-4.156500699	-9.146882405	1	0
1.159666328	2.572682841	-3.028903323	-13.2905765	1	0
1.218018607	5.577917277	-3.531244394	-11.11973384	1	0
1.859993851	8.058994216	-4.414605167	-10.77238863	0	1
2.725471972	3.429856764	-3.691837731	-7.470433712	0	1
1.785859419	7.033185886	-3.486221361	-16.12308406	1	0
0.40348643	4.773785171	-3.642404541	-8.739709021	0	1
-0.217918549	5.470730076	-1.513307626	-9.751589073	1	0
0.612639968	1.643679074	-3.069870714	-10.11579487	1	0
0.886074752	5.073443995	-3.098141094	-6.773803887	1	0
-2.84887205	5.119934578	-2.269476877	-7.128789925	0	1
2.327858037	2.268798721	-2.243894863	-7.573666958	1	0
0.665139592	6.278241713	-4.052477633	-7.565520397	1	0
2.165142988	8.429907662	-2.642300223	-14.27635137	1	0
1.020334167	6.818113315	-3.809130118	-12.04785007	1	0
2.186955292	3.572790168	-2.94939411	-12.03610109	1	0
3.049176071	5.616449257	-4.669979737	-12.65314062	1	0
1.542940913	5.372012839	-2.598406783	-8.557217474	1	0
0.403160693	-1.800956957	-3.423706929	-5.873806586	0	1
1.917843471	5.309995207	-4.652269457	-10.9493988	1	0
1.995745927	7.431248928	-2.150822703	-12.18810578	1	0
0.077795924	2.990332	-2.56598167	-12.61625384	0	1
1.632243724	5.197917434	-1.398315158	-9.713729892	1	0
0.033813146	5.735764423	-1.73859188	-12.04442931	1	0
0.180287552	3.326690154	-4.506208553	-13.51873773	0	1
3.27390268	4.113455148	-4.195261249	-9.194876144	1	0
0.985808827	1.427624775	-3.907973352	-6.819838381	1	0
3.004269337	7.971312449	-3.065831375	-12.43858528	1	0
2.739356548	2.971882626	-3.499669109	-14.20767955	1	0
-0.894212475	3.841702758	-3.734039302	-5.785445636	0	1
1.427045912	7.073654442	-2.70587356	-10.69155369	1	0
1.171001499	-2.116886622	-6.598000859	-12.10567964	0	1
-0.516348526	1.204526939	-2.600492259	-8.286868934	0	1
0.223934065	4.380642181	-2.702013787	-9.760942284	1	0
0.187072619	6.788574732	-3.515780164	-3.63988215	0	1
2.466808011	1.25450694	-4.441093007	-15.80658638	1	0
3.060319968	3.622300527	-3.442352739	-5.723020032	1	0
2.170775454	6.349106837	-2.130249701	-8.600503891	1	0
1.039970846	5.094542024	-4.035125304	-4.66550318	1	0
1.591844832	5.5131157	-2.48890633	-10.37442867	1	0
0.413214965	4.176378576	-3.615657558	-10.89265967	1	0
0.158153224	1.961956105	-3.261949591	-6.658057804	1	0
4.335503009	2.439875945	-2.305814031	-5.903801654	0	1
4.348934693	1.44466709	-2.068726541	0.826246269	0	1
0.570475485	4.037003928	-4.014847754	-8.397554273	1	0
-0.1484943	4.17938729	-3.762430331	-5.764039866	0	1
2.200676544	3.262813552	-2.911510172	-9.867644245	1	0
-1.94952969	5.762908595	-5.845408691	-5.673810702	0	1
1.342802423	6.165762462	-3.572920351	-12.82630452	1	0
1.204925624	3.324141225	-3.239163047	-6.983836867	0	1
-2.000540177	4.792156719	-2.186890864	-8.162615237	0	1
1.538448682	0.929054573	-1.87784492	-5.231172786	1	0
1.82742091	0.403409197	-4.793486097	-5.510875634	0	1
2.127046451	2.980841184	-1.643617286	-7.487633156	1	0
-1.516214664	8.512985631	-0.744475594	-5.689443038	0	1
3.236292371	7.342687221	-2.988797833	-7.319379927	1	0
1.320928806	4.756202703	-1.644483846	-11.3657331	1	0
-0.069365517	3.405806184	-2.799467809	-14.91855973	1	0
1.780264934	4.10413272	-4.256826064	-12.23310651	1	0
-0.285242112	3.888659464	-2.05527794	-6.664183936	0	1
1.712307218	-1.233293989	-3.944641105	-2.533909533	0	1
3.545708761	2.476514772	-2.959705781	-4.041721731	1	0
0.370411336	4.523255048	-1.417644512	-10.65323293	0	1
-0.215302495	2.80438626	-3.746620612	-12.51152748	0	1
2.653998461	4.948535699	-1.750354626	-9.111018816	1	0
-0.618025369	3.442890478	-3.308266981	-10.79474731	0	1
1.978648364	4.069352955	-0.913830301	-6.777357113	0	1
2.793186206	5.512705787	-2.648151769	-8.767512378	1	0
1.615378575	1.822373028	-0.916141785	-12.0681478	1	0
1.485849441	5.610911305	-1.874123874	-6.66141174	1	0
1.438281919	1.294330203	-4.037156005	-10.86334251	1	0
-2.990047285	0.901510514	-3.530247645	-11.63665924	0	1
0.892315026	2.315968614	-2.098324761	-15.02939466	1	0
-1.485664065	6.089741663	-1.674369598	1.381271955	0	1
0.229531926	5.095832795	-3.048734495	-7.527232059	0	1
3.728174728	3.1318803	-2.195131769	-8.272586148	1	0
1.452197212	4.558654403	-3.886504076	-8.574308137	1	0
2.603951384	3.438433303	-1.844889154	-9.71779219	1	0
-0.468014465	0.8750424	-3.330713819	-13.02723828	0	1
4.313705343	-3.978684999	-0.319020092	-7.253310139	0	1
1.069959424	7.034538945	-4.476297861	-8.49655749	1	0
1.386698919	7.656939915	-2.866907549	-10.39392448	1	0
0.81617766	3.137677614	-2.343743236	-8.699477547	1	0
3.319471901	3.076410582	-2.384528856	-11.01177603	1	0
1.525433209	5.23419597	-2.808413262	-8.636611014	1	0
-2.309680053	-2.288633243	-1.799328124	-7.820077583	0	1
0.513520445	5.347355374	-2.756590899	-14.00739692	1	0
-0.817940992	-0.579135541	-5.219979071	-3.632951832	0	1
0.414071456	1.713090694	-3.316038159	-14.20791121	1	0
2.098500681	4.533862492	-3.013109652	-11.53288585	1	0
1.909287693	3.232037583	-1.014456755	-3.713089952	1	0
2.406022282	5.143474572	-3.52636521	-11.46144137	1	0
1.348333073	7.269093467	-2.871641724	-6.317415926	1	0
3.490483444	0.395641154	-3.346876256	-7.915200538	0	1
2.077702884	0.570865959	-5.471335953	-5.271427365	0	1
2.37665517	3.088994352	-1.422859851	-14.14651589	1	0
2.543174951	7.029337326	-2.574791086	-4.694227921	0	1
-0.476988683	2.422143056	-1.854669941	-3.421567792	0	1
-1.487607588	0.074879739	-1.65730712	-8.446147664	0	1
0.418315638	4.110489181	-3.515109625	-11.16574354	1	0
0.531308261	0.66641002	-1.928890382	-11.55831217	1	0
-0.415537734	4.924003965	-1.249813136	-11.77234472	0	1
0.514276843	1.493541086	-5.29277302	-1.289636341	0	1
2.757788619	7.872495123	-2.756545138	-2.267432632	1	0
3.432587164	6.333361545	-4.556466388	-6.68754279	1	0
2.445265921	4.389022619	-4.688835726	-8.213308658	0	1
2.991518865	5.771536972	-3.149431754	-9.092063165	1	0
0.102645635	2.877514006	-2.902780667	-12.4016813	0	1
1.130565549	4.568884085	-5.367413661	-8.837257986	1	0
1.029522073	8.220677574	-3.986397818	-7.680934013	1	0
0.417606179	5.393989344	-3.243212837	-12.44730599	0	1
3.318647622	7.069299089	-3.212359604	-9.14731765	1	0
2.137589642	6.10724808	-3.877175911	-8.724151256	1	0
3.715828716	8.162327344	-4.659753711	-11.18963112	1	0
-2.350301892	2.632681238	-4.240422264	-4.471236204	0	1
1.03834885	-0.389434494	-1.322188712	-13.48235562	0	1
1.398782823	4.397064978	-3.236237777	-9.854700082	1	0
1.03733852	5.801346799	-2.442685974	-10.49570978	1	0
3.792376877	4.66165108	-2.660459328	-5.820122534	1	0
3.151950891	2.494355811	-5.262924113	-10.34418243	0	1
3.453221797	1.364892525	-2.15241065	-11.62610465	1	0
2.065204748	4.720882701	-2.613580613	-3.296948704	0	1
1.218189828	7.333297597	-2.75223744	-9.078373641	0	1
0.766470893	6.309697681	-2.929084518	-12.43361495	1	0
-0.318683895	3.442461844	-3.627792987	-5.177959344	0	1
-0.851615165	2.111528422	-1.876930108	-5.293381896	0	1
2.454925991	2.951763057	-2.919953673	-10.20012325	1	0
-1.174187871	8.014100682	-4.765918089	-0.804476811	0	1
0.170741996	7.503523025	-2.938345298	-11.38839837	1	0
0.844971923	4.232377644	-3.412224792	-4.265395857	1	0
1.423689357	3.24741591	-2.945802769	-14.77733014	1	0
2.871548049	1.818661722	-1.950382545	-6.176032713	0	1
2.13725927	4.708846101	-3.50640302	-9.315821703	1	0
4.136467039	7.80308326	-3.814317922	-9.201449118	1	0
2.032664343	1.573819733	-3.67961983	-7.622374122	1	0
2.906411251	6.36218044	-2.202452506	-9.116794983	1	0
1.965566233	6.657895741	-4.047969699	-11.64513244	1	0
2.034949276	4.425330531	-3.656686116	-10.33644256	1	0
-0.635388938	4.230545206	-4.40112195	-12.5168198	0	1
2.441266249	7.087199302	-2.652484342	-5.306404656	1	0
1.868031436	3.519373251	-3.660524178	-9.458012066	1	0
0.82837359	7.90960614	-3.036730352	-5.573056739	1	0
0.399728295	2.5943485	-3.209476065	-3.639918989	0	1
3.002457034	9.250025883	-3.720103627	-8.105515949	1	0
1.449694245	1.077626904	-2.495139621	-12.32039868	1	0
2.899503459	6.715277605	-4.309888599	-9.621680143	0	1
2.321972405	2.907611175	-5.860041227	-6.879513037	0	1
2.673168975	3.95647598	-4.352369255	-5.785117949	1	0
-0.20043778	0.351955558	-5.407439224	-8.308705427	0	1
-1.270630109	3.532223075	-2.040479468	0.562277939	0	1
1.120626117	1.220444403	-3.007200636	-7.246174242	0	1
1.415160845	3.092479928	-3.6863673	-10.39233877	1	0
0.359477736	5.73807715	-5.377378002	0.547843311	0	1
-3.603760517	6.041260395	-3.356056688	-11.81449451	0	1
1.263302054	4.674702946	-3.367921528	-13.69358561	1	0
-2.495505688	4.196981521	-1.476411343	-10.38428021	0	1
-2.161737027	-2.205901778	-3.643436631	-2.321718724	0	1
2.008505477	6.702667522	-4.251077623	-12.98153301	1	0
-0.825426647	9.875345234	-3.388657541	-5.369074605	0	1
0.693800513	6.986805052	-1.797759668	-10.85668178	1	0
-1.021887262	8.263588147	-2.910718268	-7.678049943	1	0
1.468647101	1.930514673	-4.335065712	-9.781663256	0	1
3.43671392	6.550401686	-5.326489898	-10.34496109	1	0
2.628117465	8.842721049	-2.876278216	-8.465106576	1	0
0.371366362	8.845267454	-5.075943075	-1.756425041	0	1
1.263204883	4.20360402	-1.432913157	-5.562339715	0	1
4.02665505	8.045311699	-1.992048021	-8.978331365	1	0
-1.269403212	1.157243793	-6.412333039	-3.865674162	0	1
1.772535477	7.2244184	-2.797047766	-11.32457995	1	0
3.200249919	6.902539262	-2.809045487	2.904667851	0	1
-0.171156126	4.986870575	-2.960953367	-14.78202737	0	1
2.115083952	7.554394336	-2.481925013	-13.8396875	1	0
2.155268922	7.185817008	-2.381527508	-10.99085584	1	0
3.133480675	3.068657562	-2.702846058	-13.26082892	1	0
-2.8717775	6.711132833	-2.168664299	-5.516700825	0	1
-2.08153903	3.264065364	-3.980617018	-4.984308983	0	1
3.188523532	3.819653352	-3.020730875	-8.494863086	0	1
-1.445989689	3.180434971	-3.084308059	-4.302594449	0	1
2.266160626	5.064822298	-5.138551802	-9.867134293	1	0
-0.96571125	5.364440387	-3.255426106	-6.28568343	0	1
-0.474700568	5.435157567	-1.002438952	-9.764534546	0	1
-1.674637113	4.309984197	-4.76370497	-10.99622671	0	1
2.795196928	5.023586397	-1.977386225	-6.450789707	1	0
3.555798667	6.205918749	-6.007101715	-9.614336322	1	0
1.794196142	7.089291921	-2.506982485	-8.081265063	1	0
2.787631202	3.048623848	-1.261514699	-13.08811018	1	0
1.825023497	6.348881319	-0.596888095	-12.68381002	1	0
-0.688220938	-0.529479736	-1.670789047	-11.22859236	0	1
-0.552104434	4.883116484	-1.547314518	-17.50065573	0	1
-0.247362609	1.284120446	-5.992318393	-10.30236886	0	1
0.838607151	4.664607801	-5.256618029	-13.43726846	1	0
1.106907132	-3.094606287	-4.009326179	-6.885450829	0	1
-1.546403398	5.68442949	-4.345487294	-9.993234973	0	1
3.491575359	3.832196448	-1.460847381	-1.861840235	1	0
0.457170887	-2.454689173	-4.512772523	-16.77004116	0	1
-1.546280304	0.805616382	-4.414524684	-6.216294142	0	1
-0.011673252	2.253880553	-1.292462707	-9.685264528	0	1
4.136990147	2.903090678	-4.494834463	-12.28476781	1	0
2.21740961	3.744918167	-0.935155651	-6.917225101	1	0
0.7527639	6.43388449	-2.700304518	-10.70682275	1	0
-1.96391486	1.567667474	-2.650068412	-8.971322228	0	1
2.628586138	6.427491929	-2.895435429	-8.083628725	1	0
-0.409774976	-0.269684106	-3.17591391	-6.022900949	0	1
0.625211071	6.55837871	-3.293028963	-13.07367967	1	0
-2.184534709	1.797932411	-1.719921538	-0.758041525	0	1
1.639296837	4.184118644	-6.778894846	-9.905296263	0	1
-1.057858329	3.630075182	-3.188804337	-8.798931385	0	1
0.210191323	5.698248283	-1.605957881	-14.49245845	1	0
1.779865066	4.634067997	-2.417986094	-15.37272247	0	1
2.236083438	3.371645662	-3.694377155	-8.205903767	1	0
1.132051517	2.509053102	-2.990667369	-8.633596186	0	1
0.863881897	2.906741095	-3.898458663	-10.17921366	1	0
-0.268405561	-0.368965391	-3.015310794	-0.709161799	0	1
-0.375282135	2.213208776	-4.209140485	-12.89660066	0	1
-0.837099797	-2.151202163	-1.583064776	-7.345311877	0	1
-0.766852242	6.376442403	-2.700180105	-3.442483171	0	1
0.566673159	6.267256027	-4.443920681	-5.133524568	0	1
1.831924398	2.914662934	-3.627984725	-8.817508835	1	0
1.221245595	6.770984301	-3.58109541	-12.05809795	0	1
1.788504763	-2.448409363	-1.913737205	-3.177573034	0	1
0.79994577	11.5650045	-4.420723934	-8.438946722	0	1
1.739677725	6.689327069	-2.158476661	-4.743298907	1	0
1.955205056	6.823791591	-3.049777042	-13.21673537	1	0
-0.632015146	-0.410671851	-4.876537225	-11.31742232	0	1
3.064371759	4.605488406	-3.554698815	-8.628616894	1	0
3.09072148	4.101721834	-0.249292803	-12.33354276	1	0
-0.601368176	5.125100947	-3.033174806	-3.703404925	0	1
0.237485485	3.347777484	-3.885306169	-13.64451247	1	0
2.826347844	-1.69215954	-2.615743483	-1.448914916	0	1
3.365385397	6.824182949	-4.778062156	-5.393484672	0	1
3.511407275	-1.312904204	-1.20586814	-11.96922174	0	1
0.868432368	5.499964398	-2.791902718	-12.50078129	1	0
1.895698621	1.116053021	-2.88077572	-15.11784343	1	0
2.27655741	4.5499258	-3.715277018	-8.442003354	1	0
1.25874773	3.468478009	-5.254602888	-9.739393301	0	1
1.394351062	6.038397415	-4.586404511	-6.138463893	1	0
2.448328564	8.83541407	-3.448602291	-5.300262933	1	0
1.449237689	6.112443604	-4.057573773	-11.49748502	0	1
1.222418117	2.779135519	-2.91623894	-5.999375217	1	0
-1.116473945	-1.389743085	-4.458089039	-13.21792218	0	1
1.765640139	1.829624047	-1.491733784	-9.299618866	1	0
3.432418726	4.384512583	-3.06875338	-12.80128094	1	0
2.521573218	4.685796977	-4.056546913	-14.92091312	1	0
2.335256181	5.177842025	-3.566601464	-8.467497374	1	0
1.322755772	5.117895217	-4.574169622	-13.84345603	1	0
1.577661666	2.886685544	-4.533434942	-3.888447832	0	1
-1.190300303	2.847263813	-3.483528102	-6.130482345	0	1
2.528617188	2.40665259	-3.285312888	-14.36435513	1	0
2.208825791	7.428530363	-1.906834115	-7.280742597	1	0
2.064877752	5.040587527	-5.344421926	-9.201684399	0	1
1.10367904	7.037412958	-3.830309301	-12.9213192	1	0
2.199526401	5.9982997	-2.889242449	-12.53093616	1	0
1.412248292	2.165655165	-2.534074143	-14.07066078	1	0
0.381354061	4.018426133	-3.47671232	-8.289179514	1	0
2.289439837	4.05420574	-4.717436875	-7.046646941	1	0
0.284951927	2.611474422	-4.795808816	-0.186812783	0	1
2.671953488	4.081047014	-3.639385612	-7.430071396	1	0
1.088576043	-0.036528917	-1.421278108	-17.61848403	0	1
0.028153152	-2.304003525	-2.372916492	-5.893122081	0	1
1.585019845	7.044852225	-2.109676082	-8.549921005	1	0
2.638523033	7.400745045	-2.963104679	-7.229699415	0	1
1.693672762	8.84674038	-4.182309545	-7.338901187	1	0
1.758423521	3.023412443	-3.321288238	-8.6711314	1	0
2.237485967	5.771078974	-3.082639977	-2.951407496	0	1
0.656218042	1.03620377	-3.161740236	-13.48167829	1	0
0.590350292	3.839034569	-1.741981545	-10.20346285	1	0
2.334265651	6.373851843	-4.148169234	-14.87692195	1	0
3.124138661	6.343813307	-2.946710043	-13.11551461	1	0
-1.342921716	2.972872054	-6.00454772	-4.261492346	0	1
1.571130002	1.950807796	-3.053428782	-9.84879752	1	0
1.823928831	1.95056604	-3.613736825	-8.326078344	1	0
4.222020146	6.437323379	-1.074559082	-13.45930505	0	1
1.726475714	5.436321933	-3.171383896	-13.00559099	1	0
0.717264699	5.927583058	-2.267065679	-8.716739799	1	0
2.128509773	1.920040709	-2.346654709	-10.38464722	0	1
-0.436132528	4.862561427	-3.166780426	-12.15736122	0	1
1.793090957	7.018777676	-1.234573789	-14.12421224	1	0
2.8207591	8.68364171	-2.10952082	-11.093714	1	0
2.786400541	3.900736624	-5.896701757	-8.089392864	0	1
1.391136527	3.318837604	-4.153705679	-8.263078363	1	0
-2.079084201	4.441460605	-2.660200838	-7.766990624	0	1
1.682763557	2.241664139	-1.993124999	-9.832198088	1	0
3.019674723	4.916741851	-1.882172827	-10.37890089	1	0
1.551794867	4.617148753	-2.623262426	-3.717182433	0	1
5.209278356	4.550672429	-3.209784865	-6.443703232	0	1
-1.879228294	1.956397038	-2.232073993	-10.14730985	0	1
-0.206146241	5.134554249	-0.656066341	-3.437593042	0	1
3.529697412	7.659435211	-2.662432306	-9.998004431	1	0
0.827280857	3.564867956	-4.335141957	-11.27123292	1	0
0.028873414	2.661845665	-3.076586778	-5.66979886	1	0
3.641783951	7.40464468	-5.508765203	-10.96272943	0	1
2.414347717	6.000494297	-2.906092695	-8.522640673	1	0
1.777647062	4.137629073	-3.934922676	-17.28355032	0	1
3.29216876	5.482969735	-4.113649646	-6.743398001	1	0
2.373265521	4.051708455	-2.270951405	-12.60180166	1	0
3.296458195	4.125159712	-2.964656502	-11.0025666	1	0
1.481384571	8.524774921	-4.396040728	-9.990876687	1	0
0.944428711	5.410256459	-3.321531867	-12.7943634	0	1
2.833131301	5.839421235	-2.508884001	-14.26394773	1	0
1.037872777	0.521038227	-2.3456155	-5.063578601	0	1
-0.522269596	2.749457316	-2.39928399	-14.48769681	0	1
0.438447325	5.807291887	-1.789979557	-11.25238477	1	0
0.817762878	0.584092089	-3.019033318	-8.991235143	0	1
3.504842933	4.215616918	-2.53645265	-7.23460796	1	0
1.661674167	1.601522738	-0.866377488	-8.665106299	1	0
4.326143841	3.178025859	-2.665633534	-7.661920512	1	0
0.593834599	-0.499197716	-3.949819207	-10.00871649	0	1
0.581096303	9.690043297	-1.531182848	-13.91898931	0	1
1.676463515	4.241721778	-3.070111881	-8.886460017	1	0
1.822121255	2.876931141	-0.966625062	-7.260747716	1	0
0.196997173	1.677326302	-3.108657347	-10.24572864	1	0
0.853578179	7.413539903	-1.065814058	-5.700203525	1	0
0.261641312	4.175004043	-1.654975191	-8.352727718	0	1
3.210045101	2.709250372	-2.067722879	-9.57000894	1	0
1.759503425	6.212449273	-3.034412569	-13.01117819	1	0
2.030725573	6.497713184	-3.483957837	-10.09486916	1	0
2.016895523	4.5879279	-3.456270107	-13.86043236	1	0
1.68636191	4.964320575	-3.955213097	-10.00381299	1	0
1.385727587	6.758335456	-2.028011961	-8.130907646	0	1
-1.515596022	-2.070280113	-3.514932037	-7.582089753	0	1
3.214496395	7.137874912	-4.113280368	-9.356782515	1	0
1.054127063	3.805754289	-3.888227497	-9.048844155	1	0
1.634726954	6.591719997	-1.907456945	-15.89888185	1	0
4.282562031	4.334570068	-4.148320394	-9.142618598	1	0
1.894254563	7.086408283	-4.384768152	-12.34375304	1	0
2.956963139	7.743693577	-4.949060446	-5.323152197	0	1
3.388568011	6.136842138	-4.091898476	-5.113391724	0	1
0.170932002	3.407571333	-2.991922429	-7.177561975	0	1
1.729582208	5.333154481	-2.834676985	-7.904317619	1	0
2.174897965	5.63649662	-3.329659339	-10.7953797	1	0
3.395582586	3.448447203	-1.730767411	-3.97781623	0	1
-0.074235682	4.381383453	-4.864754908	-4.129455247	0	1
3.942626833	3.728562364	-3.387825079	-10.08225541	1	0
0.31078881	5.254642559	-4.000879112	-2.389571693	0	1
0.879957569	5.671043487	-2.922844282	-10.12801814	1	0
1.815279271	9.718109926	-2.474954175	-11.52509665	0	1
3.682027295	2.679387593	-2.564064994	-7.863811463	1	0
2.170202982	1.266111121	-3.330874319	-6.475177093	0	1
0.834930917	2.121613833	-1.873359077	-2.339207538	0	1
1.089769392	4.131382675	-3.082584359	-10.51961825	1	0
-0.788708264	-0.323898194	-2.620215742	-6.526470139	0	1
-0.246437094	4.71402411	-3.847945559	-9.658365844	0	1
2.031257773	5.533158939	-3.690482606	-10.72225135	1	0
0.653046806	3.477653889	-1.808103102	-4.409318911	0	1
2.238043696	2.337477232	-3.319215946	-12.8537282	1	0
1.435899721	2.490940318	-1.952021835	-18.04099304	1	0
1.571921314	5.084415356	-3.839291401	-9.297045031	1	0
0.345782691	3.097037455	-1.773446584	-11.07340086	1	0
3.249499617	2.741595753	-4.263135374	-8.515718966	1	0
1.407428001	2.952071966	-4.689486457	-18.77454265	1	0
3.056458419	5.414504498	-2.330638995	-6.177226195	0	1
1.086116156	8.973711002	-1.205427818	-16.80268728	1	0
3.759408204	8.901062001	-3.647522109	-12.26343367	0	1
1.34799436	5.844244944	-4.145512804	-10.14103765	1	0
0.554758242	5.996525816	-4.009018279	-14.4312387	1	0
3.262498347	5.878200207	-3.206670694	-7.55681113	1	0
0.846357407	4.205977662	0.291391751	-10.97653875	0	1
2.10170566	0.276900256	-1.521477173	-10.65513596	0	1
2.108264098	6.98879202	-1.800861566	-7.593755831	1	0
1.735044391	3.299154067	-2.803772897	-9.820901615	1	0
2.611206943	1.934050645	-3.211945323	-11.64728662	1	0
2.598424361	7.514353744	-2.151614116	-13.43650554	1	0
2.828277557	2.875965129	-3.527058218	-9.577126895	0	1
2.988990056	6.012568133	-4.904356258	-14.49186923	1	0
-2.026649171	4.426293898	-1.830011845	-1.139404	0	1
0.607987554	1.928051166	-3.732585283	0.175172229	0	1
-2.351643316	1.223753322	-2.125643872	-6.225343479	0	1
3.091396187	4.831152268	-4.119171599	-8.592031152	1	0
3.20804025	7.073183967	-1.206373991	-6.982451182	1	0
2.494623299	5.681971529	-3.887795712	-6.9777464	1	0
0.332575771	6.164756203	-3.929701195	-9.508329004	1	0
-2.423597481	-2.610995819	0.594216456	-7.43641035	0	1
0.766760178	8.57769659	-1.663343965	-7.877711828	1	0
2.963541253	3.547133654	-0.82964683	-6.730965932	1	0
1.598822163	5.265967329	-2.395494599	-4.670593647	0	1
2.905782043	2.494258563	-4.900796149	-8.90968019	0	1
1.257500954	9.199838029	-2.27134693	-10.81545918	1	0
-0.75899897	4.713086245	-1.288216009	-1.261718644	0	1
3.007431258	0.650472935	-3.890883172	-13.99393567	1	0
0.2222424	-1.375505572	-2.940070467	-6.42090263	0	1
0.989732715	6.02439843	-1.895528836	-8.426376171	1	0
0.13614395	1.184319709	-4.032939835	-9.535006628	0	1
0.517476496	-1.542883102	-1.661906745	-9.379355148	0	1
-0.63445924	3.999311628	-3.296910506	-0.781452498	0	1
3.269663792	8.531282948	-0.896939225	-8.344760836	0	1
3.830864704	5.783421113	-1.685636378	-15.98386095	1	0
1.354591371	5.147331414	-4.388636613	-8.824266656	1	0
0.847579436	6.365907248	-2.406542319	-9.006078869	0	1
-0.542741768	6.097161763	-2.810304487	-9.610270715	0	1
-0.234349651	4.024944188	-1.671303985	-3.036901033	0	1
0.581049817	4.4908983	-4.413457674	-14.66674513	1	0
0.522072208	0.110017442	-6.758636779	-6.659053604	0	1
-1.022565078	6.503419774	-4.973118012	-13.1795861	0	1
1.794747111	1.809258906	-2.234809873	-9.694169918	0	1
1.90992707	6.528026776	-1.862056047	-3.738014929	1	0
1.625051919	6.065493664	-3.250654006	-9.667523207	1	0
1.851884534	9.933600812	-2.522445283	-10.55433095	1	0
-0.362406021	-0.074489451	-2.936648285	-4.316651483	0	1
1.551356444	5.772029316	-0.262043387	-8.661696677	1	0
0.355104192	2.864339026	-3.629526534	-12.41406923	0	1
1.51782825	5.912995347	-3.114141431	-11.83407466	1	0
0.452585376	-0.758260903	-5.173359859	-11.22025848	0	1
0.526958623	4.743347989	-3.826717988	-10.43926613	1	0
0.615073192	6.745129333	-1.72683225	-10.59269128	1	0
1.435503286	1.083673658	-6.468869616	-3.881149183	0	1
3.122559939	-0.752479012	-1.791626661	-0.299426889	0	1
3.042959889	5.319995692	-2.786925038	-9.571921386	1	0
2.711530588	4.498180211	-3.714669912	-10.889472	1	0
0.187721968	6.325579241	-3.160329289	-0.748141529	0	1
4.505291892	4.325639826	-3.078226036	-13.04840888	1	0
1.592803863	2.954474228	-1.568976949	-8.626620928	1	0
-1.577152502	4.86866511	-0.373090924	-10.03025133	0	1
2.658447558	4.581276585	-1.683358778	-9.816770992	0	1
-1.573433969	3.968318099	-4.459010614	-6.467248422	0	1
1.705767178	4.959204624	-3.560729958	-8.900126502	1	0
-0.574093718	1.264055279	-3.885483873	-11.08594999	0	1
1.714994742	-0.268284715	-3.203739077	-8.576779978	1	0
1.16968198	6.040736011	-2.658392745	-17.21785564	1	0
2.278465597	6.025125924	-3.592982313	-7.651199878	1	0
2.698523451	5.79226846	-4.620779881	-4.57794964	1	0
1.856325917	5.316698792	-3.799237495	-10.25145709	1	0
-3.121282873	-0.425598867	-2.609557761	-9.280755531	0	1
-2.242133124	6.996298984	-3.107646783	-10.86709683	0	1
2.266837363	2.652994799	-1.50380999	-6.822922272	1	0
-2.54655185	0.834302583	-0.411069198	-7.821726622	0	1
1.658752277	5.877289228	-3.898921185	-7.129243958	1	0
2.217906304	4.443442961	-2.7355495	-11.16134093	1	0
2.966177372	4.824920438	-3.816141731	-12.81555972	1	0
0.432237565	5.1655237	-5.405716049	-6.004468648	0	1
4.253332939	-0.413512091	-0.198189107	-11.44502143	0	1
3.443136519	7.069136458	-4.333462065	-9.838266504	0	1
-0.356868544	1.583820218	-1.4741013	-15.61710688	0	1
1.463453261	4.176775612	-2.851197345	-10.92114147	1	0
0.442359979	2.869734288	-4.631896515	-4.057765904	0	1
2.733445551	-1.96200787	-0.891954883	-6.376872628	0	1
1.61297561	4.365381012	-2.818918919	-6.645936071	0	1
-1.588108558	5.07967644	-2.868225247	-7.391580197	0	1
1.532858478	5.810554118	-2.753960096	-14.69765545	1	0
2.98948629	3.437371312	-2.20214217	-12.60291384	1	0
3.083838209	4.853970057	-1.452120052	-9.316177408	1	0
1.850536947	3.565100556	-1.312660852	-10.8565428	1	0
-0.054055729	0.495401068	-2.245403836	-3.687642202	0	1
1.409590101	3.083116134	-2.95314122	-16.36196433	1	0
3.620805124	5.017232305	-4.178822137	-8.099536523	0	1
2.489985788	6.950514788	-1.930304255	-9.067522698	1	0
1.206696285	4.254636428	-2.594989894	-11.22548894	1	0
1.124256874	4.706120322	-3.834709727	-10.56834849	1	0
0.759807389	6.687328627	-2.621931931	-9.208133496	1	0
1.099390859	5.788639363	-2.479237391	-4.965312249	0	1
1.682799782	2.580826245	-1.909878826	-3.343020766	0	1
1.593337047	5.415407058	-1.763877428	-11.59297276	1	0
2.600713758	7.70357681	-3.964686162	-10.43360663	0	1
1.957481559	4.855245022	-2.630635158	-10.7396349	1	0
0.72541881	1.437880413	-4.112076215	-6.104447921	0	1
1.929815452	5.192664236	-4.211800569	-8.575473882	1	0
1.552633156	3.016962874	-5.174813769	-9.623350563	0	1
-1.533293174	3.540910977	-3.55226598	-8.832295549	0	1
0.980665889	8.158815598	-2.898856171	-12.47424854	1	0
1.237182997	6.762306164	-3.579131402	-10.49759489	1	0
1.80590271	5.753218571	-1.571809427	-4.74099884	1	0
2.631781361	4.827233508	-3.538652662	-10.63156448	1	0
-3.168870416	4.99797503	-1.686214124	-5.072599476	0	1
2.095075084	7.769530169	-4.315040408	-14.03763477	1	0
-0.168998819	2.86490687	-2.180034481	-11.98838766	0	1
2.131146547	3.568498573	-2.144626497	-14.22173436	0	1
0.035453164	4.985273218	-2.34868001	-8.337616617	1	0
3.150317405	3.884641234	-2.081291421	-5.387728166	0	1
2.497105174	4.198560976	-4.314915667	-16.55895345	1	0
2.188341099	0.205615251	-2.886559331	-10.0206723	0	1
-1.496432979	2.766677411	-2.692728382	-5.334526368	0	1
1.393737204	7.349765655	-0.135544407	-10.04295866	1	0
2.657535429	10.90036472	-3.071542202	-4.262138973	0	1
2.414055284	4.362806772	-3.126625036	-6.188792468	1	0
-1.605584797	2.062784918	-5.380534642	-10.15191765	0	1
3.004500187	1.344045737	-1.96778472	-9.546297527	1	0
2.068424883	2.283633569	-2.705424531	-14.68464245	0	1
2.569967934	4.56530418	-3.995045867	-10.0632969	1	0
1.631814652	4.672309475	-3.341231614	-11.92232004	1	0
0.884348102	1.29806722	-0.546588513	-6.470977657	0	1
1.811131852	3.860147391	-2.05522268	-13.58910885	1	0
2.532107256	7.449764026	-1.474172759	-6.906595937	1	0
1.009972062	3.518936756	-2.331589612	-5.231234505	1	0
0.587285397	8.757319175	-4.987733314	-11.5805764	1	0
2.824636724	7.070686076	-1.569632449	-12.94808029	1	0
1.104335257	3.228454608	-3.926425799	-1.868663001	0	1
1.148749583	4.920460496	-1.506802305	-9.326933001	1	0
1.144434168	6.443145722	-1.563920122	-8.663373531	1	0
2.191125697	3.69615655	-1.942522765	-9.720439941	1	0
-2.40990304	5.478480182	-3.20974328	-8.81991008	0	1
5.07953974	5.006728214	-4.584915863	-5.695576925	0	1
1.77838024	5.795893519	-1.394735737	-11.14127139	1	0
1.445015841	-1.068259679	-3.956230925	-3.70909433	0	1
2.484550461	1.281785329	-1.383355242	-4.735131263	1	0
1.871703435	-2.489758821	-1.793879046	-11.74106486	0	1
1.528184714	3.32476813	-2.400104279	-13.96949674	1	0
0.910459576	1.815574162	-4.049506669	-2.502878569	0	1
2.013956664	3.298345103	-3.559045661	-11.13495225	1	0
-1.862438428	1.426781289	-5.511653413	-2.468254384	0	1
1.823171649	5.256464006	-1.364113093	-13.92268217	0	1
3.78238588	1.27491693	-3.456625187	-10.11345221	0	1
-0.715248566	-0.989063279	-2.764381197	-7.479587809	0	1
1.849342377	8.334638934	-3.574390171	-11.07592505	1	0
1.989713634	5.329390374	-1.837313325	-12.55809709	1	0
2.012064877	7.543455666	-2.559961983	-15.23077389	1	0
1.727675095	5.551096736	-3.672503772	-9.17948543	1	0
-1.198602848	7.502521145	-6.804970518	-9.929623967	0	1
2.878648187	6.588060293	-1.878810557	-8.12637752	1	0
1.892507056	2.378949515	-3.904343869	-6.230533797	1	0
3.261298074	0.333160753	-1.016108045	-10.11639205	0	1
-3.788763919	3.361699274	-2.615217131	-1.361199674	0	1
1.322555702	1.664450905	-3.707541118	-10.14514702	1	0
1.238845651	5.456079706	-2.143564331	-10.36845261	0	1
-0.180844012	2.124196399	-3.189748719	-7.874487588	0	1
2.32890121	3.682842782	-3.541791354	-7.28362517	1	0
2.020222184	4.795869447	-1.986856767	-5.284692795	1	0
1.951783454	7.909037485	-0.200498496	4.335455036	0	1
0.214820322	3.987988633	-2.784802861	-9.606975224	1	0
3.096158738	8.461596852	-1.76357182	-8.673406216	1	0
4.369542712	6.808355887	-2.008843769	-14.11853865	1	0
-3.087822068	4.100689686	-2.176844187	-14.4350335	0	1
4.346383719	3.391962668	-2.808994375	-7.260361141	1	0
3.320087234	2.921738749	-3.877769791	-9.39835319	1	0
0.891674492	4.607322026	-0.229166665	-10.59977896	1	0
2.139213313	7.295944746	-2.464762142	-10.64813685	1	0
2.156215287	6.206868954	-0.20497716	-7.880949056	1	0
4.638043287	5.708313743	-3.07573416	-8.561298538	1	0
0.946402054	5.937138603	-4.606727814	-14.32837705	1	0
2.857829875	6.032002853	-3.28680316	-10.88827917	1	0
1.908641858	6.7606456	-0.962831099	-9.77692769	1	0
-4.23360349	4.424421316	-4.537278064	-1.529065062	0	1
1.638049211	5.228601879	-2.079467747	-11.14570075	1	0
2.408835049	4.631712602	-2.379320504	-10.23127509	1	0
0.49518902	-1.53872987	-0.233137785	-10.6764582	0	1
-2.724299613	5.348061041	-0.37977462	-10.72269471	0	1
2.325668886	6.671730497	-3.828789224	-11.13089026	1	0
3.534339816	7.692267185	-0.676959067	-9.457053237	1	0
1.352321176	4.472584239	-2.485120853	-8.37371431	1	0
1.790710371	6.470693106	-2.884356262	-4.926594136	0	1
-0.359826469	5.303521343	-3.502443572	-13.24872019	1	0
-0.439882621	8.624663192	-1.968936282	-5.756233225	0	1
2.040449068	3.974076071	-1.426673123	-11.49028631	1	0
-1.2040141	6.010216349	-3.559107113	-13.55083689	0	1
2.588061048	6.061463608	-1.433979562	-11.53964612	1	0
2.451979915	8.828436472	-4.608346564	-13.73355048	1	0
1.813035089	3.198396262	-3.809604735	-8.605807405	1	0
1.992728418	5.366627883	-3.572761293	-13.35483081	1	0
1.870899898	4.200278808	-2.354578966	-14.18219523	1	0
1.278321586	5.247832457	-2.879514175	-8.91246293	1	0
0.895138963	2.246750675	-1.635687804	-12.47302131	0	1
0.336656448	5.496056475	-2.343232422	-6.916966012	1	0
0.482104105	5.488473889	-3.289901937	-13.00756623	1	0
2.18100959	0.658182593	-3.453130101	-6.16859886	0	1
2.107440696	6.442572045	-2.585585979	-18.50119042	1	0
1.200269331	4.169190521	-1.990811218	-9.497581998	1	0
-0.162077587	-3.705074038	-0.793736393	-12.91382294	0	1
-0.437212053	2.776949234	-1.791686701	-2.866917632	0	1
0.148521131	7.86681033	-3.203743889	-6.748396716	1	0
2.850011766	4.53933351	-2.930226181	-15.14806691	1	0
0.780879129	6.236034946	-3.140019159	-7.386623185	1	0
1.335915628	10.71147354	-2.679743794	-2.083535993	0	1
0.836229075	5.308934057	-3.241755063	-8.886610709	1	0
0.10383121	5.788875535	-2.48652497	-12.03605921	0	1
-2.234306457	3.376585853	-2.945828915	-13.08483377	0	1
0.368992007	5.286186061	-2.083952085	-1.280474426	1	0
-1.380016554	1.005411749	-4.885381385	-11.67060252	0	1
0.184285279	1.941773002	-4.585485198	-5.219023894	1	0
-0.261688157	4.498847943	-2.48573619	-14.04578129	0	1
1.011028073	3.846156536	-2.868840128	-7.897855447	1	0
0.103700871	-0.18630504	-3.71878079	-15.49565374	0	1
4.348604912	2.493005356	-3.644006653	-11.92711295	1	0
3.261330369	4.178292189	-1.937407461	-7.656727778	1	0
0.418966585	3.101286364	-1.104933543	-15.37620338	1	0
-0.22647541	-1.232516693	-5.743303816	-10.9172211	0	1
-1.482359986	4.408904751	-6.1235892	-6.801908929	0	1
1.545478468	5.688468329	-3.812289596	-13.71321271	1	0
3.702814199	6.479050958	-3.076720405	-10.28707982	1	0
3.353924563	3.331269036	-2.358626006	-10.59703258	1	0
2.21848451	1.857384813	-1.434032048	-7.985469038	1	0
2.22072108	-1.40832747	-3.059563008	-8.523087327	1	0
2.120581097	-0.604869943	-6.660165796	-3.49364589	0	1
2.530207841	6.019721019	-3.53643854	-10.5542158	1	0
4.138003056	1.954806403	-2.371524177	-8.441969355	1	0
2.266405058	7.887951651	-3.737113154	-11.54248871	1	0
-0.075156012	0.712295389	-0.437023696	-11.39406736	0	1
1.643465577	3.403449325	-2.81079303	-6.069710762	0	1
2.057764886	0.072790476	-2.005269325	-4.214001123	0	1
0.158322321	7.954906895	-3.831200232	-11.79251815	1	0
1.157538062	5.231289244	-2.3651871	-12.26171426	1	0
1.487493999	3.480413773	-3.739283207	-6.308713797	1	0
2.986073184	3.012493746	-5.612135036	1.177900591	0	1
2.766670209	1.579021949	-2.75263028	-7.970431639	1	0
1.880107948	3.055294973	-2.430994635	-4.685372512	0	1
0.017611236	1.800889484	-0.827886908	-11.5008305	0	1
2.893101279	2.603069097	-3.080803692	-8.263141169	1	0
0.745284024	4.484083805	-1.588441398	-7.855429456	0	1
1.254762423	8.541098874	-1.730332116	-6.827552861	1	0
1.670434873	1.672840809	-2.386571102	-8.792751942	1	0
0.214272207	6.558526121	-5.161191428	-10.10738434	1	0
-0.634534747	8.043068699	-1.032222644	-11.32431847	1	0
1.57386132	4.540825496	-2.04929432	-4.751941933	1	0
-0.211461289	2.476745558	-2.070176627	-17.16835225	0	1
0.473101974	1.472146887	-3.976483451	-4.008143127	0	1
2.929471154	4.576309283	-1.580812232	-9.637076783	1	0
0.138024463	5.262477681	-3.194885526	-7.927050971	0	1
2.343994719	6.08904114	-2.820533548	-13.42121526	1	0
3.421373405	8.727994	-5.077167563	-8.408918079	0	1
0.456465064	-2.456308481	-4.551196532	-3.88534928	0	1
3.26654702	4.804466419	-3.933325688	-8.016557788	1	0
1.425801716	4.30814323	-2.451549983	-8.907163249	1	0
2.260627363	2.644205053	-2.248497958	-4.210600331	1	0
0.960628598	2.603571609	-1.19257105	-13.43946673	0	1
3.193378109	6.67649153	-1.675057455	-11.33090292	1	0
0.569181722	5.268861078	-3.540777594	-8.941215416	1	0
2.105583863	-1.162395154	-4.157201913	-8.878743938	0	1
2.765936773	5.460758314	-3.367211323	-14.19521107	1	0
2.245170839	8.177222699	-3.019721633	-8.261413556	1	0
2.461784314	3.720420089	-2.471409737	-15.68397396	0	1
2.160426967	6.095805831	-2.77005422	-11.59373331	1	0
0.681309759	8.947838254	-2.067824963	-8.486473631	0	1
1.474840679	7.891140943	-0.933741386	-17.80810805	1	0
1.149006708	5.384861629	-2.843376937	-10.30221824	1	0
1.95813353	8.532382427	-3.529858524	-3.713662831	1	0
4.037479372	4.995583676	-3.394068305	-15.12764042	1	0
2.618551564	8.0642234	-1.338233866	-12.06268586	1	0
2.313568242	6.373127168	-3.923053868	-11.77184174	1	0
1.982060616	1.769350916	-5.782996761	-13.16174063	1	0
0.915526947	7.441488466	-2.816862095	-13.56769473	1	0
4.15001291	4.07235846	-1.654410158	-13.75616201	0	1
-2.111013408	1.55754284	-3.663625498	-9.506995928	0	1
0.859119758	5.299057622	-4.489825489	-10.50606368	1	0
2.480335631	3.671768341	-2.555400129	-7.36984324	1	0
1.37616682	2.763454393	-1.303420599	-7.284233506	0	1
3.280175796	1.66716847	-2.096316024	-11.0461564	1	0
2.251491602	3.608839653	-4.74285892	-10.73101475	0	1
1.624158428	5.61275754	-2.366332204	-10.37546539	1	0
1.400361283	1.466836711	-3.747869822	-11.26828331	0	1
1.089244254	3.546655242	-2.985495802	-10.62363044	1	0
0.683230613	8.536764995	-2.637106712	-8.071074493	1	0
2.636455074	6.525043669	-4.242531171	-11.60983611	1	0
-0.269797665	-1.582199614	-2.966038343	-9.759868983	0	1
-2.247087763	6.171727601	-5.412165256	-5.121877398	0	1
1.519537154	6.907535202	-3.233431612	-4.228349977	1	0
1.138223976	5.373467351	-2.606900794	-10.52041861	0	1
3.074217018	4.392727681	-2.564836765	-9.162171182	0	1
3.167509696	5.473598822	-1.024448252	-14.182466	1	0
1.045218846	5.211720317	-3.399053538	-10.3556204	1	0
1.412845369	3.107154438	-2.650389952	-9.257345474	1	0
2.387449822	8.089284941	-2.734917926	-10.84924697	1	0
2.086680368	6.332905793	-1.213286051	-7.444755164	1	0
1.886291944	4.152226751	-3.108617112	-6.398879912	1	0
2.859374978	4.949406654	-1.944976966	-11.82158903	1	0
-3.392148871	3.626824487	-1.868759212	2.221938984	0	1
2.554245645	6.237505865	-3.862120865	-10.45845595	1	0
1.517517329	2.509982254	-2.672676933	-17.20997672	1	0
2.360860072	2.839958131	-4.634317561	-9.461053328	1	0
2.522487149	3.861746598	-2.797339662	-6.621656863	1	0
0.955780202	6.856841974	-2.485187428	-6.826214051	1	0
0.809172722	4.393067611	-2.501993971	-8.340055169	1	0
-0.247537705	4.737887178	-2.946125941	-6.426964211	0	1
3.269164133	-1.889935894	-2.745237614	-5.074084136	0	1
1.959023176	5.516230226	-4.09187905	-11.00015639	1	0
0.974294198	7.539538834	-1.235446524	-7.324214134	0	1
3.12180669	2.023446523	-2.285264852	-9.274184308	1	0
1.657487545	9.107783842	-3.750562642	-13.1009773	1	0
-0.392212748	4.390922855	-0.683070635	-11.28449916	0	1
1.410022721	6.296148711	-2.52333478	-8.995720496	1	0
2.7208552	5.238572568	-3.076995111	-5.270406024	1	0
1.77689971	6.695496383	-3.310486419	-8.817215769	0	1
1.22988038	7.015848494	-4.387998145	-10.62465123	1	0
-2.848823856	6.691961044	-3.087155183	-8.949169207	0	1
1.028111374	4.428911002	-3.540195664	-10.84346478	1	0
1.344395914	0.560377781	-2.029367508	-11.64255069	1	0
1.039610331	3.733620694	-3.070119951	-9.66136506	1	0
2.202057981	4.522092465	-3.96316036	-13.4608471	1	0
1.322825296	0.29093269	-3.673697422	-4.957402357	0	1
0.986757013	1.981961272	-0.700600619	-14.95425866	0	1
-0.161990509	6.108461564	-2.295606025	-12.33107535	0	1
2.826297877	5.533103206	-3.576532329	-14.23813657	1	0
2.621464848	3.714070544	-4.86743751	-10.5611747	1	0
1.568899474	6.108339466	-1.636830237	-10.11375647	1	0
2.420834711	8.132312697	-4.641618594	-9.650111588	1	0
1.125478462	-0.206556536	-4.077754981	-10.21034992	0	1
2.73269301	1.873703146	-1.691116856	-13.46257507	0	1
2.019061745	8.656042858	-1.553234784	-7.111432372	1	0
0.851996729	6.296739965	-3.403268108	-4.122887951	0	1
-0.790839072	2.333423604	-2.851088489	-14.02879828	0	1
-0.933645115	4.82795138	-3.068072235	-11.00773645	0	1
1.750889346	1.791549001	-4.923131898	-5.881977328	0	1
1.925967271	6.743146162	-4.014123286	-8.298834506	1	0
1.718494082	2.085852266	-3.173449461	-12.79967315	0	1
3.338190055	7.687723655	-2.771150101	-7.589111748	1	0
-1.854791181	1.63421214	-1.278422504	-1.243784691	0	1
2.290965469	8.051186311	-3.394249383	-10.57256775	1	0
2.176493532	5.519770175	-4.050836911	-11.12109804	1	0
2.358324119	4.875392209	-2.675100478	-7.676365565	0	1
2.333445183	3.757534497	-2.4347384	-16.67908748	0	1
0.235361892	-1.41405889	-3.086178161	-4.298749723	0	1
2.844958486	5.189530586	-1.56133739	-11.64669768	1	0
-1.328438456	1.768825346	-2.634751258	-4.252162406	0	1
1.271631346	5.974759264	-3.832828814	-7.562679498	1	0
1.977017919	4.559833393	-1.749661654	-4.287867766	1	0
0.952882195	3.264140904	-3.326734749	-2.999450224	0	1
2.283984926	3.81123382	-3.725060722	-13.37802402	1	0
3.190220169	3.183971757	-3.875274643	-7.690067411	1	0
4.043677365	5.145071669	-1.278773767	-10.90391078	1	0
2.808076185	-0.191391819	-4.213285077	-2.438637626	0	1
1.401153992	5.053980375	-0.55820427	-13.26942356	0	1
1.483214021	3.79449937	-3.939207115	-4.566742521	1	0
-0.092959577	6.268000885	-2.491423688	-14.61454797	0	1
-0.107476362	5.737655728	-3.528451875	-9.577253516	1	0
0.956323975	5.527303452	-2.299887545	-10.030644	1	0
2.444820278	0.892356205	-3.255559145	-10.29922014	0	1
3.698701732	-0.244326066	-3.034462925	-12.27722322	1	0
0.77567571	6.753220353	-5.229322666	-11.10773507	1	0
2.191751088	-0.387921442	-1.74744908	-9.974912089	0	1
2.949810648	2.227781292	-4.169663164	-7.005191582	0	1
1.827586791	7.025613427	-4.252813408	-5.963470877	1	0
2.548525755	5.860759403	-1.826663559	-8.954101153	1	0
2.025493643	5.648487482	-4.096472329	-16.38056855	0	1
1.487957298	0.409612079	-2.803457117	-5.121868517	0	1
1.783508196	8.573418492	-0.983974945	-5.862128345	1	0
0.31619953	4.257136051	-3.72823915	-15.35470905	0	1
1.91331435	5.887153056	-3.269715482	-12.01858315	1	0
3.504853028	4.547329734	-2.030517111	-7.623215063	1	0
0.671357947	2.063164383	-4.344648214	-11.11303386	1	0
3.812229387	5.505360002	-2.390509866	-10.49756395	1	0
2.167719189	4.589422257	-3.011971444	-4.467152208	1	0
0.743625079	4.000819371	-4.215274481	-8.756872081	0	1
1.294072968	6.227123357	-2.470616078	-4.302058677	1	0
1.573157055	6.155616029	-2.726240695	-4.381078267	1	0
3.942715966	5.399048307	-5.017428655	-5.09855677	0	1
-0.961602914	0.331433946	-2.991085182	-8.247740868	0	1
-5.464819708	-1.195827521	-3.329608571	-17.84130729	0	1
-2.255684789	4.636237378	-4.901042127	-6.814804868	0	1
1.316451063	6.90891645	-1.946937247	-6.771903103	1	0
1.631725954	5.066022656	-2.338063134	-9.992040517	0	1
0.189528967	4.925114397	-4.692561234	-3.368866537	0	1
2.63114494	5.065998687	-2.002380935	-7.785121141	1	0
2.24767382	6.697255806	-4.035455606	-9.628985855	1	0
2.0022135	4.473088062	-1.832577282	-2.497304896	1	0
-2.395967971	9.69012941	-2.482076109	-10.36316482	0	1
0.837086134	4.322679391	-2.327472729	-0.238620601	0	1
3.043679907	4.270029565	-3.248345007	-8.314204363	1	0
2.950027094	5.758734804	-4.746633048	-9.263018528	1	0
2.254998177	2.678553738	-2.532478449	-15.39141836	1	0
3.100050653	4.610373437	-2.021988536	-14.38473368	1	0
0.42952567	2.484730842	-3.938431412	0.688007948	0	1
1.517315178	4.82249161	-3.827406462	-4.665397977	1	0
-0.71856829	10.04580241	-1.417705509	-9.109860479	0	1
3.015992732	4.534289562	-1.906851875	-9.532057194	1	0
1.315727885	5.175696887	-3.580606986	-9.939465917	1	0
1.280238803	5.292975629	-1.620112063	-10.92676205	1	0
1.304762458	5.209649096	-0.710860683	-10.01327774	1	0
2.279710495	5.713766215	-4.150049239	-13.23573386	1	0
0.212242069	2.221317796	-1.768917494	-11.84286297	0	1
1.160120478	2.668426788	-3.611623677	-9.313253476	1	0
1.056619939	5.253173157	-2.962165507	-6.130536109	1	0
5.81666505	0.872394935	-2.360565362	-7.535573855	0	1
1.163652898	5.337909643	-2.981369248	-7.83787866	1	0
3.42032352	5.02583887	-1.217567357	-11.65397591	1	0
2.760811963	4.241660745	-3.956148717	-11.00333006	0	1
1.222061142	1.826830401	-4.660363189	-12.70519928	0	1
2.352903222	5.72752005	-3.466043899	-6.473401479	1	0
1.959920623	5.082502241	-3.995607522	-10.07748307	1	0
0.929781224	-2.370756726	-3.85405754	-10.99724822	0	1
-3.436493159	2.085098004	-1.828720939	-3.458345396	0	1
2.930860618	5.835598313	-4.78204969	-13.18139622	1	0
0.543033872	0.510467369	-2.024151649	-9.659241564	0	1
3.698910066	4.94576627	-2.710653268	-6.091922245	1	0
-0.586989447	7.399248273	-3.303224657	-20.03367838	0	1
2.949558766	2.853837212	-7.205005523	-7.959594767	0	1
1.678441908	7.555705808	-3.312537727	-5.840154429	1	0
2.091714794	7.512396201	-3.650466802	-11.51497673	1	0
1.911920919	5.169354436	-3.323978215	-8.121709194	1	0
1.396754729	4.543492239	-3.488655559	-11.21583017	1	0
2.622512113	6.507102752	-2.65658437	-8.38929123	1	0
0.624851888	0.69707027	-2.767794139	-10.1959164	0	1
2.499207015	1.350191297	-1.425199688	-16.00694611	0	1
4.573003113	7.162068766	-4.143542718	-8.939725178	1	0
3.751809297	2.587376611	-1.63052807	-13.80192298	1	0
-1.155031748	2.400287201	-1.618859984	-4.357069282	0	1
-0.177770529	5.950178305	-1.880889632	-13.37770354	1	0
2.151295549	3.127847911	-2.248090292	-9.823122858	1	0
1.408160248	2.992309326	-3.544630815	-9.748126378	1	0
1.887525078	3.372824975	0.037554578	-9.385719725	0	1
1.222375054	8.333007531	-1.775274976	-10.57024675	1	0
1.15068965	5.824652618	-3.00470129	-10.15439878	1	0
-1.382361737	8.005083619	-4.082913414	-3.433374295	0	1
0.056665415	3.732909998	-0.900457731	-14.33866789	0	1
1.913921023	-1.522839118	-2.859749535	-11.23648211	0	1
2.235967258	4.676649722	-2.496330854	-14.09430915	1	0
1.326436612	2.985063238	-1.789706134	-4.522344346	1	0
2.179883305	3.473027354	-3.596227837	-7.974938866	1	0
2.329005092	4.71626683	-3.364100833	-10.75970844	1	0
-1.058577838	6.52568023	-1.782442156	-2.426074452	0	1
1.340996712	4.839381682	-4.616935612	-6.191463997	1	0
2.055542345	6.655909437	-3.230904377	-9.377186105	1	0
2.289888703	4.388553104	-2.313450268	-10.70725346	1	0
0.938057171	6.717166903	-4.459634191	-16.01845163	1	0
0.460550371	6.621137946	-2.383929493	-6.471707509	1	0
1.209984049	1.717100229	-4.424412295	-11.47273401	1	0
0.060369576	-0.970783981	-5.225021853	-8.254505051	0	1
1.902164163	4.06722893	-2.443536979	-3.54168315	0	1
1.815538119	4.714904238	-4.400908852	-13.55160208	1	0
3.356385939	7.242288906	-2.806222633	-10.67638169	1	0
2.10577249	3.54958639	-4.199748928	-8.104514031	1	0
-2.54610645	4.376634693	-1.415144521	-7.91567881	0	1
2.172413456	6.356108956	-3.235032911	-12.93211659	1	0
